0 0.0
1 0.0
2 0.0
3 0.0
4 0.0
5 0.0
6 0.0
7 0.0
8 0.0
9 0.0
10 0.0
11 0.0
12 0.0
13 0.0
14 0.0
15 0.0
16 0.0
17 0.0
18 0.0
19 0.0
20 0.0
21 0.0
22 0.0
23 0.0
24 0.0
25 0.0
26 0.0
27 0.0
28 0.0
29 0.0
30 -0.01
31 -0.01
32 -0.02
33 -0.02
34 -0.04
35 -0.05
36 -0.07
37 -0.09
38 -0.11
39 -0.14
40 -0.16
41 -0.19
42 -0.21
43 -0.23
44 -0.24
45 -0.25
46 -0.26
47 -0.27
48 -0.28
49 -0.3
50 -0.31
51 -0.32
52 -0.33
53 -0.36
54 -0.38
55 -0.38
56 -0.38
57 -0.39
58 -0.39
59 -0.4
60 -0.41
61 -0.42
62 -0.42
63 -0.42
64 -0.42
65 -0.42
66 -0.42
67 -0.42
68 -0.42
69 -0.42
70 -0.42
71 -0.42
72 -0.42
73 -0.42
74 -0.43
75 -0.43
76 -0.43
77 -0.43
78 -0.43
79 -0.43
80 -0.43
81 -0.43
82 -0.44
83 -0.45
84 -0.46
85 -0.46
86 -0.48
87 -0.48
88 -0.49
89 -0.49
90 -0.49
91 -0.49
92 -0.49
93 -0.49
94 -0.49
95 -0.49
96 -0.49
97 -0.49
98 -0.49
99 -0.49
100 -0.49
101 -0.49
102 -0.49
103 -0.49
104 -0.49
105 -0.49
106 -0.49
107 -0.49
108 -0.49
109 -0.49
110 -0.49
111 -0.49
112 -0.49
113 -0.49
114 -0.49
115 -0.49
116 -0.49
117 -0.49
118 -0.49
119 -0.49
120 -0.49
121 -0.49
122 -0.49
123 -0.49
124 -0.49
125 -0.48
126 -0.46
127 -0.45
128 -0.43
129 -0.4
130 -0.31
131 -0.28
132 -0.27
133 -0.26
134 -0.25
135 -0.25
136 -0.25
137 -0.24
138 -0.2
139 -0.17
140 -0.15
141 -0.12
142 -0.1
143 -0.1
144 -0.1
145 -0.1
146 -0.08
147 -0.06
148 -0.03
149 -0.02
150 0.0
151 0.04
152 0.05
153 0.06
154 0.07
155 0.09
156 0.13
157 0.15
158 0.17
159 0.19
160 0.2
161 0.21
162 0.23
163 0.24
164 0.24
165 0.24
166 0.24
167 0.24
168 0.24
169 0.24
170 0.24
171 0.24
172 0.25
173 0.25
174 0.25
175 0.25
176 0.26
177 0.26
178 0.26
179 0.27
180 0.27
181 0.28
182 0.29
183 0.3
184 0.3
185 0.31
186 0.31
187 0.32
188 0.33
189 0.34
190 0.34
191 0.35
192 0.35
193 0.36
194 0.38
195 0.39
196 0.39
197 0.4
198 0.41
199 0.41
200 0.41
201 0.41
202 0.4
203 0.37
204 0.34
205 0.33
206 0.32
207 0.32
208 0.31
209 0.31
210 0.3
211 0.28
212 0.28
213 0.28
214 0.28
215 0.28
216 0.28
217 0.28
218 0.28
219 0.28
220 0.28
221 0.28
222 0.28
223 0.27
224 0.26
225 0.26
226 0.25
227 0.25
228 0.25
229 0.24
230 0.23
231 0.21
232 0.21
233 0.19
234 0.18
235 0.18
236 0.18
237 0.18
238 0.17
239 0.17
240 0.16
241 0.14
242 0.14
243 0.14
244 0.14
245 0.13
246 0.12
247 0.12
248 0.12
249 0.1
250 0.09
251 0.08
252 0.07
253 0.05
254 0.03
255 0.03
256 0.02
257 0.02
258 0.02
259 0.02
260 0.02
261 0.01
262 0.0
263 -0.02
264 -0.17
265 -0.24
266 -0.27
267 -0.29
268 -0.3
269 -0.31
270 -0.32
271 -0.34
272 -0.36
273 -0.39
274 -0.44
275 -0.45
276 -0.46
277 -0.46
278 -0.48
279 -0.5
280 -0.5
281 -0.5
282 -0.5
283 -0.5
284 -0.5
285 -0.5
286 -0.5
287 -0.5
288 -0.5
289 -0.5
290 -0.5
291 -0.5
292 -0.5
293 -0.5
294 -0.5
295 -0.5
296 -0.5
297 -0.5
298 -0.5
299 -0.5
300 -0.5
301 -0.5
302 -0.5
303 -0.45
304 -0.45
305 -0.45
306 -0.44
307 -0.41
308 -0.35
309 -0.32
310 -0.3
311 -0.29
312 -0.27
313 -0.26
314 -0.26
315 -0.24
316 -0.22
317 -0.16
318 -0.15
319 -0.14
320 -0.13
321 -0.12
322 -0.09
323 -0.08
324 -0.05
325 -0.05
326 -0.02
327 -0.02
328 0.02
329 0.02
330 0.07
331 0.09
332 0.1
333 0.1
334 0.1
335 0.1
336 0.1
337 0.1
338 0.1
339 0.1
340 0.1
341 0.1
342 0.1
343 0.1
344 0.09
345 0.08
346 0.06
347 0.04
348 0.02
349 -0.03
350 -0.08
351 -0.09
352 -0.11
353 -0.13
354 -0.14
355 -0.16
356 -0.17
357 -0.17
358 -0.17
359 -0.17
360 -0.17
361 -0.17
362 -0.18
363 -0.18
364 -0.18
365 -0.18
366 -0.18
367 -0.19
368 -0.19
369 -0.19
370 -0.18
371 -0.18
372 -0.18
373 -0.19
374 -0.19
375 -0.19
376 -0.19
377 -0.19
378 -0.19
379 -0.19
380 -0.18
381 -0.18
382 -0.18
383 -0.17
384 -0.15
385 -0.13
386 -0.1
387 -0.09
388 -0.09
389 -0.09
390 -0.09
391 -0.09
392 -0.09
393 -0.1
394 -0.1
395 -0.1
396 -0.09
397 -0.08
398 -0.07
399 -0.05
400 -0.04
401 -0.04
402 -0.03
403 -0.03
404 -0.03
405 -0.01
406 0.0
407 0.0
408 0.01
409 0.01
410 0.01
411 0.01
412 0.01
413 0.01
414 0.01
415 0.01
416 0.01
417 0.01
418 0.01
419 0.01
420 0.01
421 0.01
422 0.01
