0 0.0
1 0.0
2 0.0
3 0.0
4 0.0
5 0.0
6 0.0
7 0.0
8 0.0
9 0.0
10 0.0
11 0.0
12 0.0
13 0.0
14 0.0
15 0.0
16 0.0
17 0.0
18 0.0
19 0.0
20 0.0
21 0.0
22 0.0
23 0.0
24 0.0
25 0.0
26 0.0
27 0.0
28 0.0
29 0.0
30 0.0
31 0.0
32 0.0
33 -0.01
34 -0.01
35 -0.01
36 -0.02
37 -0.02
38 -0.02
39 -0.02
40 -0.02
41 -0.03
42 -0.03
43 -0.03
44 -0.04
45 -0.05
46 -0.06
47 -0.08
48 -0.11
49 -0.13
50 -0.14
51 -0.15
52 -0.16
53 -0.18
54 -0.2
55 -0.22
56 -0.25
57 -0.27
58 -0.27
59 -0.29
60 -0.32
61 -0.33
62 -0.35
63 -0.36
64 -0.39
65 -0.41
66 -0.41
67 -0.41
68 -0.41
69 -0.41
70 -0.41
71 -0.41
72 -0.41
73 -0.41
74 -0.41
75 -0.41
76 -0.41
77 -0.41
78 -0.41
79 -0.41
80 -0.41
81 -0.41
82 -0.41
83 -0.41
84 -0.41
85 -0.41
86 -0.41
87 -0.41
88 -0.41
89 -0.41
90 -0.41
91 -0.42
92 -0.42
93 -0.42
94 -0.45
95 -0.46
96 -0.48
97 -0.48
98 -0.48
99 -0.49
100 -0.49
101 -0.49
102 -0.49
103 -0.5
104 -0.5
105 -0.5
106 -0.5
107 -0.5
108 -0.5
109 -0.49
110 -0.48
111 -0.47
112 -0.45
113 -0.43
114 -0.42
115 -0.42
116 -0.42
117 -0.42
118 -0.42
119 -0.4
120 -0.39
121 -0.37
122 -0.37
123 -0.36
124 -0.36
125 -0.36
126 -0.35
127 -0.34
128 -0.34
129 -0.34
130 -0.34
131 -0.34
132 -0.34
133 -0.32
134 -0.32
135 -0.32
136 -0.31
137 -0.29
138 -0.28
139 -0.27
140 -0.25
141 -0.23
142 -0.06
143 -0.03
144 -0.01
145 0.03
146 0.05
147 0.08
148 0.11
149 0.16
150 0.21
151 0.22
152 0.23
153 0.24
154 0.26
155 0.27
156 0.29
157 0.3
158 0.32
159 0.32
160 0.32
161 0.32
162 0.39
163 0.4
164 0.41
165 0.42
166 0.42
167 0.43
168 0.43
169 0.43
170 0.44
171 0.44
172 0.45
173 0.45
174 0.45
175 0.45
176 0.45
177 0.45
178 0.45
179 0.45
180 0.45
181 0.45
182 0.45
183 0.45
184 0.44
185 0.38
186 0.34
187 0.32
188 0.32
189 0.31
190 0.29
191 0.26
192 0.24
193 0.22
194 0.21
195 0.21
196 0.2
197 0.2
198 0.18
199 0.17
200 0.15
201 0.14
202 0.13
203 0.12
204 0.11
205 0.1
206 0.09
207 0.09
208 0.09
209 0.08
210 0.07
211 0.07
212 0.07
213 0.06
214 0.06
215 0.06
216 0.06
217 0.06
218 0.06
219 0.06
220 0.06
221 0.06
222 0.05
223 0.05
224 0.05
225 0.05
226 0.05
227 0.05
228 0.05
229 0.04
230 0.04
231 0.02
232 -0.05
233 -0.09
234 -0.14
235 -0.16
236 -0.17
237 -0.18
238 -0.18
239 -0.18
240 -0.18
241 -0.19
242 -0.19
243 -0.19
244 -0.2
245 -0.2
246 -0.2
247 -0.2
248 -0.22
249 -0.22
250 -0.23
251 -0.23
252 -0.23
253 -0.23
254 -0.23
255 -0.23
256 -0.23
257 -0.26
258 -0.3
259 -0.32
260 -0.34
261 -0.36
262 -0.39
263 -0.39
264 -0.4
265 -0.4
266 -0.42
267 -0.42
268 -0.43
269 -0.44
270 -0.44
271 -0.44
272 -0.44
273 -0.45
274 -0.45
275 -0.45
276 -0.45
277 -0.45
278 -0.45
279 -0.45
280 -0.45
281 -0.45
282 -0.45
283 -0.44
284 -0.43
285 -0.43
286 -0.42
287 -0.41
288 -0.4
289 -0.39
290 -0.38
291 -0.34
292 -0.32
293 -0.26
294 -0.22
295 -0.2
296 -0.2
297 -0.19
298 -0.18
299 -0.17
300 -0.17
301 -0.17
302 -0.16
303 -0.16
304 -0.16
305 -0.15
306 -0.13
307 -0.11
308 -0.08
309 -0.05
310 -0.02
311 -0.01
312 0.01
313 0.02
314 0.03
315 0.03
316 0.03
317 0.02
318 -0.01
319 -0.03
320 -0.04
321 -0.05
322 -0.06
323 -0.07
324 -0.08
325 -0.09
326 -0.1
327 -0.11
328 -0.12
329 -0.13
330 -0.14
331 -0.15
332 -0.15
333 -0.15
334 -0.16
335 -0.17
336 -0.18
337 -0.18
338 -0.18
339 -0.18
340 -0.18
341 -0.18
342 -0.18
343 -0.17
344 -0.16
345 -0.15
346 -0.15
347 -0.14
348 -0.14
349 -0.13
350 -0.13
351 -0.13
352 -0.12
353 -0.11
354 -0.09
355 -0.08
356 -0.07
357 -0.06
358 -0.04
359 -0.01
360 0.01
361 0.02
362 0.03
363 0.03
364 0.03
365 0.03
366 0.04
367 0.04
368 0.06
369 0.06
370 0.06
371 0.06
372 0.06
373 0.06
374 0.06
375 0.06
376 0.06
377 0.06
378 0.06
