0 0.0
1 0.0
2 0.0
3 0.0
4 0.0
5 0.0
6 0.0
7 0.0
8 0.0
9 0.0
10 0.0
11 0.0
12 0.0
13 0.0
14 0.0
15 0.0
16 0.0
17 0.0
18 0.0
19 0.0
20 0.0
21 0.0
22 0.0
23 0.0
24 0.0
25 0.0
26 0.0
27 0.0
28 0.0
29 0.0
30 0.0
31 0.0
32 0.0
33 0.0
34 0.0
35 0.0
36 0.0
37 0.0
38 0.0
39 0.0
40 0.0
41 0.0
42 0.0
43 0.0
44 0.0
45 0.0
46 0.0
47 0.0
48 0.0
49 0.0
50 0.0
51 0.0
52 0.0
53 0.0
54 0.0
55 -0.01
56 -0.02
57 -0.02
58 -0.04
59 -0.06
60 -0.07
61 -0.08
62 -0.1
63 -0.12
64 -0.15
65 -0.18
66 -0.19
67 -0.2
68 -0.2
69 -0.22
70 -0.23
71 -0.29
72 -0.34
73 -0.37
74 -0.4
75 -0.42
76 -0.46
77 -0.49
78 -0.49
79 -0.5
80 -0.5
81 -0.5
82 -0.5
83 -0.5
84 -0.5
85 -0.5
86 -0.5
87 -0.49
88 -0.49
89 -0.49
90 -0.49
91 -0.48
92 -0.45
93 -0.44
94 -0.43
95 -0.41
96 -0.39
97 -0.37
98 -0.36
99 -0.35
100 -0.29
101 -0.26
102 -0.26
103 -0.27
104 -0.28
105 -0.28
106 -0.29
107 -0.3
108 -0.32
109 -0.36
110 -0.38
111 -0.41
112 -0.43
113 -0.45
114 -0.46
115 -0.46
116 -0.44
117 -0.43
118 -0.35
119 -0.32
120 -0.26
121 -0.13
122 -0.09
123 -0.09
124 -0.05
125 0.17
126 0.22
127 0.24
128 0.25
129 0.25
130 0.25
131 0.26
132 0.26
133 0.27
134 0.28
135 0.31
136 0.35
137 0.41
138 0.43
139 0.44
140 0.45
141 0.46
142 0.47
143 0.48
144 0.48
145 0.49
146 0.49
147 0.49
148 0.49
149 0.49
150 0.49
151 0.49
152 0.49
153 0.49
154 0.49
155 0.48
156 0.46
157 0.43
158 0.41
159 0.4
160 0.39
161 0.38
162 0.35
163 0.33
164 0.32
165 0.3
166 0.27
167 0.25
168 0.23
169 0.21
170 0.21
171 0.21
172 0.2
173 0.19
174 0.18
175 0.18
176 0.18
177 0.18
178 0.17
179 0.15
180 0.13
181 0.12
182 0.09
183 0.06
184 0.02
185 -0.05
186 -0.1
187 -0.19
188 -0.2
189 -0.2
190 -0.2
191 -0.2
192 -0.2
193 -0.2
194 -0.2
195 -0.2
196 -0.2
197 -0.2
198 -0.2
199 -0.2
200 -0.21
201 -0.21
202 -0.21
203 -0.21
204 -0.22
205 -0.22
206 -0.22
207 -0.23
208 -0.23
209 -0.24
210 -0.27
211 -0.28
212 -0.28
213 -0.28
214 -0.28
215 -0.28
216 -0.28
217 -0.28
218 -0.28
219 -0.28
220 -0.28
221 -0.28
222 -0.28
223 -0.28
224 -0.28
225 -0.28
226 -0.28
227 -0.28
228 -0.27
229 -0.27
230 -0.26
231 -0.26
232 -0.26
233 -0.26
234 -0.26
235 -0.26
236 -0.27
237 -0.27
238 -0.27
239 -0.28
240 -0.28
241 -0.28
242 -0.28
243 -0.28
244 -0.29
245 -0.29
246 -0.29
247 -0.29
248 -0.29
249 -0.29
250 -0.3
251 -0.3
252 -0.3
253 -0.32
254 -0.32
255 -0.32
256 -0.32
257 -0.32
258 -0.32
259 -0.31
260 -0.29
261 -0.19
262 -0.18
263 -0.17
264 -0.17
265 -0.17
266 -0.17
267 -0.18
268 -0.19
269 -0.21
270 -0.22
271 -0.22
272 -0.23
273 -0.23
274 -0.23
275 -0.21
276 -0.19
277 -0.18
278 -0.17
279 -0.17
280 -0.15
281 -0.14
282 -0.13
283 -0.13
284 -0.13
285 -0.13
286 -0.13
287 -0.12
288 -0.11
289 -0.11
290 -0.1
291 -0.1
292 -0.09
293 -0.08
294 -0.08
295 -0.07
296 -0.05
297 -0.03
298 0.01
299 0.02
300 0.03
301 0.03
302 0.03
303 0.04
304 0.05
305 0.05
306 0.06
307 0.07
308 0.07
309 0.07
310 0.07
311 0.07
312 0.07
313 0.07
314 0.05
315 0.04
316 0.02
317 0.01
318 -0.01
319 -0.02
320 -0.02
321 -0.03
322 -0.03
323 -0.02
324 -0.02
325 -0.02
326 -0.02
327 -0.02
328 -0.02
329 -0.02
330 -0.02
331 -0.02
332 -0.02
333 -0.02
334 -0.02
335 -0.02
336 -0.02
337 -0.02
338 -0.02
339 -0.02
340 -0.02
341 -0.02
342 -0.02
343 -0.02
344 -0.02
345 -0.02
346 -0.02
347 -0.02
348 -0.02
349 -0.02
350 -0.02
351 -0.02
352 -0.02
353 -0.02
354 -0.02
355 -0.02
356 -0.02
357 -0.02
358 -0.02
359 -0.02
360 -0.02
361 -0.02
362 -0.02
363 -0.02
364 -0.02
365 -0.02
366 -0.02
367 -0.02
368 -0.02
369 -0.02
370 -0.02
