0 0.0
1 0.0
2 0.0
3 0.0
4 0.0
5 0.0
6 0.0
7 0.0
8 0.0
9 0.0
10 0.0
11 0.0
12 0.0
13 0.0
14 0.0
15 0.0
16 0.0
17 0.0
18 0.0
19 0.0
20 0.0
21 0.0
22 0.0
23 0.0
24 0.0
25 0.0
26 0.0
27 0.0
28 0.01
29 0.01
30 0.01
31 0.01
32 0.01
33 0.01
34 0.01
35 0.01
36 0.01
37 0.01
38 0.02
39 0.02
40 0.02
41 0.02
42 0.02
43 0.02
44 0.02
45 0.02
46 0.02
47 0.02
48 0.02
49 0.02
50 0.02
51 0.02
52 0.02
53 0.02
54 0.02
55 0.01
56 0.01
57 0.02
58 0.03
59 0.04
60 0.04
61 0.05
62 0.05
63 0.05
64 0.05
65 0.05
66 0.05
67 0.04
68 0.03
69 0.03
70 0.03
71 0.02
72 0.01
73 0.01
74 0.0
75 -0.03
76 -0.06
77 -0.08
78 -0.07
79 -0.05
80 -0.03
81 -0.01
82 0.08
83 0.13
84 0.2
85 0.23
86 0.25
87 0.29
88 0.34
89 0.37
90 0.39
91 0.41
92 0.45
93 0.5
94 0.5
95 0.5
96 0.5
97 0.5
98 0.5
99 0.5
100 0.5
101 0.5
102 0.5
103 0.44
104 0.42
105 0.39
106 0.37
107 0.35
108 0.34
109 0.34
110 0.33
111 0.33
112 0.32
113 0.31
114 0.31
115 0.31
116 0.3
117 0.3
118 0.28
119 0.28
120 0.3
121 0.3
122 0.3
123 0.29
124 0.29
125 0.29
126 0.29
127 0.29
128 0.29
129 0.28
130 0.28
131 0.28
132 0.28
133 0.28
134 0.28
135 0.28
136 0.27
137 0.27
138 0.27
139 0.26
140 0.25
141 0.24
142 0.23
143 0.22
144 0.19
145 0.16
146 0.12
147 0.09
148 0.01
149 -0.06
150 -0.19
151 -0.23
152 -0.25
153 -0.36
154 -0.38
155 -0.38
156 -0.38
157 -0.38
158 -0.38
159 -0.38
160 -0.38
161 -0.38
162 -0.38
163 -0.39
164 -0.39
165 -0.39
166 -0.4
167 -0.4
168 -0.4
169 -0.4
170 -0.4
171 -0.39
172 -0.37
173 -0.35
174 -0.34
175 -0.33
176 -0.28
177 -0.28
178 -0.27
179 -0.26
180 -0.24
181 -0.24
182 -0.24
183 -0.24
184 -0.25
185 -0.27
186 -0.28
187 -0.28
188 -0.25
189 -0.23
190 -0.22
191 -0.21
192 -0.2
193 -0.2
194 -0.2
195 -0.19
196 -0.14
197 -0.04
198 0.02
199 0.1
200 0.34
201 0.49
202 0.5
203 0.5
204 0.5
205 0.5
206 0.5
207 0.5
208 0.5
209 0.5
210 0.5
211 0.5
212 0.5
213 0.5
214 0.5
215 0.5
216 0.5
217 0.5
218 0.5
219 0.5
220 0.5
221 0.5
222 0.5
223 0.5
224 0.5
225 0.5
226 0.5
227 0.44
228 0.4
229 0.38
230 0.36
231 0.34
232 0.34
233 0.34
234 0.34
235 0.34
236 0.34
