0 0.0
1 0.0
2 0.0
3 0.0
4 0.0
5 0.0
6 0.0
7 0.0
8 0.0
9 0.0
10 0.0
11 0.0
12 0.0
13 0.0
14 0.0
15 0.0
16 0.0
17 0.0
18 0.0
19 0.0
20 0.0
21 0.0
22 0.0
23 0.0
24 0.0
25 0.0
26 0.0
27 0.0
28 0.0
29 0.02
30 0.03
31 0.06
32 0.07
33 0.08
34 0.09
35 0.09
36 0.1
37 0.1
38 0.1
39 0.11
40 0.11
41 0.11
42 0.11
43 0.11
44 0.1
45 0.1
46 0.1
47 0.09
48 0.09
49 0.08
50 0.08
51 0.09
52 0.1
53 0.1
54 0.11
55 0.12
56 0.14
57 0.14
58 0.14
59 0.14
60 0.14
61 0.14
62 0.13
63 0.13
64 0.13
65 0.13
66 0.13
67 0.11
68 0.08
69 0.07
70 0.01
71 -0.02
72 -0.06
73 -0.11
74 -0.14
75 -0.14
76 -0.13
77 -0.11
78 -0.09
79 -0.09
80 -0.09
81 -0.09
82 -0.09
83 -0.09
84 -0.08
85 -0.08
86 -0.08
87 -0.05
88 0.0
89 0.02
90 0.03
91 0.03
92 0.03
93 0.05
94 0.06
95 0.06
96 0.08
97 0.09
98 0.1
99 0.12
100 0.14
101 0.16
102 0.19
103 0.21
104 0.23
105 0.25
106 0.26
107 0.28
108 0.28
109 0.35
110 0.38
111 0.39
112 0.4
113 0.41
114 0.42
115 0.42
116 0.42
117 0.42
118 0.44
119 0.44
120 0.44
121 0.44
122 0.45
123 0.45
124 0.45
125 0.45
126 0.45
127 0.43
128 0.43
129 0.42
130 0.4
131 0.35
132 0.31
133 0.29
134 0.28
135 0.27
136 0.25
137 0.18
138 0.17
139 0.17
140 0.17
141 0.16
142 0.11
143 0.11
144 0.1
145 0.1
146 0.1
147 0.1
148 0.1
149 0.06
150 0.05
151 0.05
152 0.05
153 0.04
154 0.02
155 -0.05
156 -0.05
157 -0.05
158 -0.05
159 -0.05
160 -0.05
161 -0.06
162 -0.08
163 -0.1
164 -0.13
165 -0.17
166 -0.19
167 -0.2
168 -0.23
169 -0.26
170 -0.27
171 -0.27
172 -0.28
173 -0.29
174 -0.29
175 -0.32
176 -0.33
177 -0.33
178 -0.33
179 -0.34
180 -0.36
181 -0.38
182 -0.38
183 -0.39
184 -0.39
185 -0.4
186 -0.4
187 -0.4
188 -0.41
189 -0.41
190 -0.41
191 -0.42
192 -0.42
193 -0.44
194 -0.45
195 -0.45
196 -0.43
197 -0.41
198 -0.37
199 -0.32
200 -0.31
201 -0.3
202 -0.3
203 -0.29
204 -0.29
205 -0.23
206 -0.22
207 -0.18
208 -0.13
209 -0.12
210 -0.11
211 -0.08
212 -0.05
213 -0.02
214 0.0
215 0.03
216 0.12
217 0.21
218 0.21
219 0.23
220 0.27
221 0.3
222 0.37
223 0.43
224 0.47
225 0.48
226 0.5
227 0.5
228 0.5
229 0.5
230 0.5
231 0.5
232 0.5
233 0.5
234 0.5
235 0.5
236 0.5
237 0.5
238 0.5
239 0.5
240 0.5
241 0.5
242 0.5
243 0.5
244 0.5
245 0.5
246 0.5
247 0.5
248 0.49
249 0.45
250 0.43
251 0.41
252 0.39
253 0.37
254 0.37
255 0.37
256 0.37
257 0.37
258 0.37
259 0.37
260 0.37
261 0.37
262 0.37
263 0.37
264 0.37
265 0.37
266 0.36
267 0.36
268 0.36
269 0.36
270 0.36
271 0.36
272 0.36
