0 0.0
1 0.0
2 0.0
3 0.0
4 0.0
5 0.0
6 0.0
7 0.0
8 0.0
9 0.0
10 0.0
11 0.0
12 0.0
13 0.0
14 0.0
15 0.0
16 0.0
17 0.0
18 0.0
19 0.0
20 0.0
21 0.0
22 0.0
23 0.0
24 0.0
25 0.0
26 0.0
27 0.0
28 0.0
29 0.0
30 0.0
31 -0.01
32 -0.01
33 -0.01
34 -0.01
35 -0.02
36 -0.02
37 -0.03
38 -0.04
39 -0.06
40 -0.08
41 -0.1
42 -0.12
43 -0.13
44 -0.14
45 -0.15
46 -0.18
47 -0.19
48 -0.2
49 -0.22
50 -0.24
51 -0.3
52 -0.32
53 -0.35
54 -0.37
55 -0.38
56 -0.38
57 -0.37
58 -0.37
59 -0.38
60 -0.38
61 -0.38
62 -0.38
63 -0.38
64 -0.38
65 -0.38
66 -0.38
67 -0.38
68 -0.38
69 -0.38
70 -0.38
71 -0.38
72 -0.38
73 -0.38
74 -0.39
75 -0.39
76 -0.4
77 -0.4
78 -0.4
79 -0.4
80 -0.4
81 -0.41
82 -0.42
83 -0.42
84 -0.42
85 -0.43
86 -0.43
87 -0.44
88 -0.44
89 -0.44
90 -0.44
91 -0.44
92 -0.44
93 -0.44
94 -0.44
95 -0.44
96 -0.41
97 -0.39
98 -0.39
99 -0.35
100 -0.33
101 -0.33
102 -0.33
103 -0.33
104 -0.33
105 -0.34
106 -0.34
107 -0.34
108 -0.35
109 -0.34
110 -0.33
111 -0.31
112 -0.29
113 -0.26
114 -0.23
115 -0.22
116 -0.22
117 -0.2
118 -0.17
119 -0.14
120 -0.1
121 -0.07
122 -0.02
123 0.02
124 0.04
125 0.06
126 0.1
127 0.13
128 0.17
129 0.2
130 0.21
131 0.23
132 0.25
133 0.29
134 0.31
135 0.33
136 0.33
137 0.33
138 0.33
139 0.33
140 0.34
141 0.34
142 0.34
143 0.35
144 0.36
145 0.36
146 0.37
147 0.38
148 0.38
149 0.38
150 0.38
151 0.38
152 0.38
153 0.37
154 0.36
155 0.34
156 0.33
157 0.33
158 0.33
159 0.31
160 0.3
161 0.29
162 0.29
163 0.28
164 0.26
165 0.25
166 0.25
167 0.25
168 0.25
169 0.25
170 0.25
171 0.25
172 0.25
173 0.24
174 0.21
175 0.21
176 0.21
177 0.21
178 0.21
179 0.21
180 0.21
181 0.22
182 0.24
183 0.27
184 0.28
185 0.28
186 0.29
187 0.3
188 0.3
189 0.3
190 0.3
191 0.3
192 0.3
193 0.3
194 0.3
195 0.29
196 0.27
197 0.26
198 0.26
199 0.25
200 0.23
201 0.22
202 0.21
203 0.21
204 0.2
205 0.19
206 0.19
207 0.19
208 0.19
209 0.19
210 0.17
211 0.16
212 0.16
213 0.16
214 0.16
215 0.15
216 0.15
217 0.15
218 0.14
219 0.14
220 0.14
221 0.14
222 0.14
223 0.13
224 0.12
225 0.12
226 0.12
227 0.11
228 0.11
229 0.09
230 0.08
231 0.08
232 0.08
233 0.08
234 0.08
235 0.08
236 0.08
237 0.08
238 0.08
239 0.08
240 0.08
241 0.07
242 0.07
243 0.07
244 0.06
245 0.06
246 0.06
247 0.06
248 0.06
249 0.05
250 0.04
251 0.03
252 0.02
253 0.02
254 0.01
255 -0.02
256 -0.09
257 -0.14
258 -0.17
259 -0.2
260 -0.23
261 -0.28
262 -0.34
263 -0.36
264 -0.36
265 -0.36
266 -0.36
267 -0.36
268 -0.36
269 -0.36
270 -0.36
271 -0.36
272 -0.36
273 -0.36
274 -0.36
275 -0.36
276 -0.36
277 -0.36
278 -0.36
279 -0.36
280 -0.36
281 -0.36
282 -0.36
283 -0.36
284 -0.37
285 -0.37
286 -0.37
287 -0.37
288 -0.37
289 -0.37
290 -0.37
291 -0.37
292 -0.38
293 -0.38
294 -0.38
295 -0.38
296 -0.38
297 -0.38
298 -0.38
299 -0.38
300 -0.38
301 -0.38
302 -0.37
303 -0.37
304 -0.37
305 -0.37
306 -0.37
307 -0.36
308 -0.34
309 -0.33
310 -0.31
311 -0.27
312 -0.27
313 -0.26
314 -0.25
315 -0.24
316 -0.23
317 -0.23
318 -0.23
319 -0.23
320 -0.23
321 -0.24
322 -0.24
323 -0.24
324 -0.25
325 -0.25
326 -0.26
327 -0.27
328 -0.27
329 -0.27
330 -0.28
331 -0.28
332 -0.28
333 -0.28
334 -0.28
335 -0.26
336 -0.24
337 -0.23
338 -0.23
339 -0.23
340 -0.22
341 -0.2
342 -0.18
343 -0.13
344 -0.1
345 -0.09
346 -0.07
347 -0.05
348 -0.04
349 -0.03
350 -0.03
351 -0.03
352 -0.01
353 0.01
354 0.01
355 0.01
356 0.03
357 0.04
358 0.04
359 0.04
360 0.05
361 0.06
362 0.06
363 0.07
364 0.07
365 0.07
366 0.07
367 0.06
368 0.06
369 0.05
370 0.04
371 0.04
372 0.02
373 0.01
374 -0.02
375 -0.04
376 -0.05
377 -0.06
378 -0.08
379 -0.08
380 -0.07
381 -0.07
382 -0.07
383 -0.08
384 -0.08
385 -0.08
386 -0.09
387 -0.09
388 -0.09
389 -0.08
390 -0.07
391 -0.05
392 -0.03
393 -0.03
394 -0.02
395 -0.01
396 -0.01
397 0.0
398 0.01
399 0.03
400 0.04
401 0.04
402 0.04
403 0.04
404 0.04
405 0.04
406 0.04
407 0.04
408 0.04
409 0.04
