0 0.0
1 0.0
2 0.0
3 0.0
4 0.0
5 0.0
6 0.0
7 0.0
8 0.0
9 0.0
10 0.0
11 0.0
12 0.0
13 0.0
14 0.0
15 0.0
16 0.0
17 0.0
18 0.0
19 0.0
20 0.0
21 0.0
22 0.0
23 0.0
24 0.0
25 0.0
26 0.0
27 0.0
28 0.0
29 0.0
30 0.0
31 0.0
32 0.01
33 0.01
34 0.01
35 0.01
36 0.01
37 0.01
38 0.01
39 0.02
40 0.02
41 0.02
42 0.02
43 0.03
44 0.04
45 0.04
46 0.05
47 0.05
48 0.05
49 0.05
50 0.05
51 0.06
52 0.07
53 0.07
54 0.07
55 0.07
56 0.07
57 0.07
58 0.07
59 0.07
60 0.07
61 0.07
62 0.07
63 0.07
64 0.07
65 0.07
66 0.08
67 0.08
68 0.08
69 0.08
70 0.08
71 0.1
72 0.11
73 0.11
74 0.11
75 0.12
76 0.14
77 0.14
78 0.14
79 0.14
80 0.14
81 0.14
82 0.14
83 0.15
84 0.17
85 0.18
86 0.2
87 0.2
88 0.22
89 0.24
90 0.25
91 0.28
92 0.33
93 0.34
94 0.36
95 0.38
96 0.38
97 0.38
98 0.38
99 0.39
100 0.41
101 0.42
102 0.43
103 0.42
104 0.41
105 0.41
106 0.41
107 0.41
108 0.41
109 0.4
110 0.39
111 0.37
112 0.35
113 0.35
114 0.33
115 0.32
116 0.29
117 0.25
118 0.23
119 0.22
120 0.21
121 0.19
122 0.17
123 0.17
124 0.16
125 0.15
126 0.14
127 0.14
128 0.14
129 0.14
130 0.14
131 0.13
132 0.12
133 0.12
134 0.12
135 0.12
136 0.11
137 0.11
138 0.11
139 0.1
140 0.09
141 0.08
142 0.07
143 0.07
144 0.06
145 0.05
146 0.05
147 0.05
148 0.05
149 0.05
150 0.05
151 0.04
152 0.04
153 0.04
154 0.04
155 0.03
156 0.03
157 0.03
158 0.03
159 0.03
160 0.03
161 0.02
162 0.02
163 0.0
164 -0.02
165 -0.03
166 -0.06
167 -0.07
168 -0.07
169 -0.09
170 -0.09
171 -0.09
172 -0.09
173 -0.1
174 -0.11
175 -0.13
176 -0.13
177 -0.13
178 -0.13
179 -0.13
180 -0.14
181 -0.15
182 -0.18
183 -0.19
184 -0.2
185 -0.21
186 -0.21
187 -0.21
188 -0.23
189 -0.24
190 -0.24
191 -0.24
192 -0.25
193 -0.25
194 -0.27
195 -0.27
196 -0.29
197 -0.3
198 -0.3
199 -0.32
200 -0.32
201 -0.34
202 -0.37
203 -0.39
204 -0.39
205 -0.39
206 -0.39
207 -0.39
208 -0.39
209 -0.39
210 -0.39
211 -0.38
212 -0.37
213 -0.36
214 -0.36
215 -0.36
216 -0.34
217 -0.29
218 -0.25
219 -0.24
220 -0.23
221 -0.21
222 -0.21
223 -0.18
224 -0.11
225 -0.08
226 -0.05
227 -0.04
228 0.04
229 0.07
230 0.09
231 0.11
232 0.14
233 0.17
234 0.19
235 0.22
236 0.24
237 0.26
238 0.31
239 0.35
240 0.4
241 0.43
242 0.45
243 0.47
244 0.48
245 0.49
246 0.5
247 0.5
248 0.5
249 0.5
250 0.5
251 0.5
252 0.5
253 0.5
254 0.5
255 0.5
256 0.5
257 0.5
258 0.5
259 0.5
260 0.5
261 0.5
262 0.5
263 0.5
264 0.5
265 0.5
266 0.5
267 0.5
268 0.5
269 0.5
270 0.49
271 0.49
272 0.49
273 0.48
274 0.48
275 0.46
276 0.46
277 0.45
278 0.45
279 0.44
280 0.42
281 0.41
282 0.39
283 0.37
284 0.35
285 0.34
286 0.33
287 0.32
288 0.32
289 0.32
290 0.32
291 0.32
292 0.32
293 0.32
294 0.32
295 0.32
296 0.32
297 0.32
298 0.32
