0 0.0
1 0.0
2 0.0
3 0.0
4 0.0
5 0.0
6 0.0
7 0.0
8 0.0
9 0.0
10 0.0
11 0.0
12 0.0
13 0.0
14 0.0
15 0.0
16 0.0
17 0.0
18 0.0
19 0.0
20 0.0
21 0.0
22 0.0
23 0.0
24 0.0
25 0.0
26 0.0
27 0.0
28 0.0
29 0.0
30 0.0
31 0.0
32 0.0
33 0.0
34 0.0
35 0.0
36 0.0
37 0.0
38 0.0
39 0.0
40 0.0
41 0.0
42 0.0
43 0.01
44 0.01
45 0.02
46 0.03
47 0.04
48 0.04
49 0.05
50 0.06
51 0.07
52 0.07
53 0.08
54 0.08
55 0.08
56 0.08
57 0.08
58 0.08
59 0.08
60 0.08
61 0.08
62 0.08
63 0.08
64 0.08
65 0.08
66 0.08
67 0.08
68 0.08
69 0.08
70 0.08
71 0.08
72 0.08
73 0.08
74 0.08
75 0.08
76 0.08
77 0.08
78 0.08
79 0.08
80 0.08
81 0.08
82 0.08
83 0.08
84 0.08
85 0.08
86 0.08
87 0.09
88 0.09
89 0.1
90 0.11
91 0.11
92 0.11
93 0.11
94 0.11
95 0.11
96 0.11
97 0.11
98 0.11
99 0.11
100 0.12
101 0.14
102 0.17
103 0.18
104 0.22
105 0.24
106 0.29
107 0.31
108 0.31
109 0.31
110 0.31
111 0.31
112 0.31
113 0.31
114 0.31
115 0.31
116 0.31
117 0.32
118 0.32
119 0.33
120 0.34
121 0.34
122 0.34
123 0.34
124 0.34
125 0.34
126 0.37
127 0.38
128 0.38
129 0.38
130 0.38
131 0.38
132 0.38
133 0.39
134 0.39
135 0.39
136 0.39
137 0.39
138 0.39
139 0.4
140 0.4
141 0.4
142 0.4
143 0.41
144 0.41
145 0.41
146 0.41
147 0.41
148 0.41
149 0.41
150 0.41
151 0.41
152 0.41
153 0.41
154 0.41
155 0.39
156 0.36
157 0.32
158 0.29
159 0.27
160 0.25
161 0.23
162 0.23
163 0.22
164 0.21
165 0.2
166 0.2
167 0.18
168 0.17
169 0.17
170 0.17
171 0.17
172 0.17
173 0.15
174 0.14
175 0.13
176 0.11
177 0.09
178 0.09
179 0.06
180 0.04
181 0.02
182 0.0
183 -0.02
184 -0.02
185 -0.04
186 -0.05
187 -0.07
188 -0.1
189 -0.12
190 -0.15
191 -0.18
192 -0.2
193 -0.21
194 -0.22
195 -0.22
196 -0.22
197 -0.23
198 -0.26
199 -0.31
200 -0.32
201 -0.35
202 -0.37
203 -0.37
204 -0.37
205 -0.37
206 -0.39
207 -0.39
208 -0.39
209 -0.39
210 -0.4
211 -0.4
212 -0.41
213 -0.41
214 -0.44
215 -0.45
216 -0.45
217 -0.45
218 -0.45
219 -0.45
220 -0.45
221 -0.45
222 -0.45
223 -0.45
224 -0.44
225 -0.44
226 -0.43
227 -0.42
228 -0.42
229 -0.42
230 -0.41
231 -0.4
232 -0.39
233 -0.35
234 -0.27
235 -0.26
236 -0.26
237 -0.26
238 -0.26
239 -0.26
240 -0.26
241 -0.26
242 -0.25
243 -0.25
244 -0.25
245 -0.22
246 -0.21
247 -0.21
248 -0.21
249 -0.19
250 -0.13
251 0.02
252 0.1
253 0.18
254 0.2
255 0.25
256 0.28
257 0.33
258 0.34
259 0.36
260 0.37
261 0.4
262 0.42
263 0.44
264 0.46
265 0.48
266 0.49
267 0.5
268 0.5
269 0.5
270 0.5
271 0.5
272 0.5
273 0.5
274 0.5
275 0.5
276 0.5
277 0.5
278 0.5
279 0.5
280 0.5
281 0.5
282 0.5
283 0.5
284 0.5
285 0.5
286 0.5
287 0.5
288 0.5
289 0.5
