0 0.0
1 0.0
2 0.0
3 0.0
4 0.0
5 0.0
6 0.0
7 0.0
8 0.0
9 0.0
10 0.0
11 0.0
12 -0.01
13 -0.01
14 -0.01
15 -0.01
16 -0.01
17 -0.01
18 -0.01
19 -0.01
20 -0.01
21 -0.01
22 -0.01
23 -0.01
24 -0.01
25 -0.01
26 -0.02
27 -0.02
28 -0.02
29 -0.02
30 -0.02
31 -0.02
32 -0.02
33 -0.02
34 -0.03
35 -0.04
36 -0.04
37 -0.05
38 -0.06
39 -0.06
40 -0.07
41 -0.08
42 -0.09
43 -0.11
44 -0.11
45 -0.11
46 -0.11
47 -0.11
48 -0.15
49 -0.18
50 -0.21
51 -0.22
52 -0.25
53 -0.28
54 -0.31
55 -0.32
56 -0.32
57 -0.34
58 -0.35
59 -0.38
60 -0.4
61 -0.4
62 -0.4
63 -0.4
64 -0.4
65 -0.4
66 -0.4
67 -0.4
68 -0.41
69 -0.41
70 -0.41
71 -0.41
72 -0.42
73 -0.42
74 -0.42
75 -0.42
76 -0.42
77 -0.42
78 -0.42
79 -0.42
80 -0.42
81 -0.42
82 -0.42
83 -0.41
84 -0.41
85 -0.4
86 -0.4
87 -0.39
88 -0.38
89 -0.38
90 -0.36
91 -0.36
92 -0.36
93 -0.36
94 -0.36
95 -0.36
96 -0.36
97 -0.36
98 -0.37
99 -0.4
100 -0.44
101 -0.45
102 -0.46
103 -0.46
104 -0.46
105 -0.46
106 -0.45
107 -0.44
108 -0.43
109 -0.42
110 -0.42
111 -0.39
112 -0.38
113 -0.38
114 -0.38
115 -0.38
116 -0.37
117 -0.37
118 -0.37
119 -0.37
120 -0.37
121 -0.37
122 -0.37
123 -0.37
124 -0.35
125 -0.34
126 -0.32
127 -0.31
128 -0.3
129 -0.29
130 -0.27
131 -0.25
132 -0.24
133 -0.22
134 -0.17
135 -0.14
136 -0.13
137 -0.11
138 -0.1
139 -0.09
140 -0.08
141 -0.05
142 -0.04
143 -0.03
144 0.05
145 0.23
146 0.24
147 0.27
148 0.29
149 0.3
150 0.31
151 0.32
152 0.33
153 0.33
154 0.33
155 0.33
156 0.33
157 0.33
158 0.33
159 0.33
160 0.33
161 0.33
162 0.33
163 0.33
164 0.34
165 0.34
166 0.34
167 0.34
168 0.34
169 0.34
170 0.35
171 0.36
172 0.36
173 0.36
174 0.36
175 0.36
176 0.36
177 0.35
178 0.35
179 0.34
180 0.34
181 0.34
182 0.34
183 0.34
184 0.34
185 0.33
186 0.33
187 0.33
188 0.32
189 0.32
190 0.32
191 0.31
192 0.31
193 0.31
194 0.3
195 0.3
196 0.3
197 0.28
198 0.27
199 0.26
200 0.26
201 0.26
202 0.26
203 0.26
204 0.26
205 0.26
206 0.26
207 0.26
208 0.26
209 0.26
210 0.26
211 0.26
212 0.26
213 0.26
214 0.26
215 0.26
216 0.26
217 0.26
218 0.26
219 0.25
220 0.25
221 0.24
222 0.24
223 0.23
224 0.22
225 0.22
226 0.22
227 0.21
228 0.21
229 0.21
230 0.2
231 0.2
232 0.2
233 0.2
234 0.2
235 0.2
236 0.19
237 0.18
238 0.18
239 0.18
240 0.18
241 0.18
242 0.17
243 0.16
244 0.16
245 0.16
246 0.16
247 0.16
248 0.15
249 0.15
250 0.15
251 0.14
252 0.13
253 0.11
254 0.09
255 0.09
256 0.08
257 0.08
258 0.08
259 0.08
260 0.08
261 0.07
262 0.06
263 0.05
264 0.05
265 0.05
266 0.05
267 0.05
268 0.05
269 0.05
270 0.05
271 0.05
272 0.04
273 0.04
274 0.04
275 0.04
276 0.02
277 0.02
278 0.02
279 0.02
280 0.02
281 0.02
282 0.02
283 0.02
284 0.02
285 0.02
286 0.02
287 0.02
288 0.02
289 0.02
290 0.02
291 0.02
292 0.02
293 0.01
294 0.01
295 0.0
296 -0.01
297 -0.02
298 -0.04
299 -0.04
300 -0.07
301 -0.07
302 -0.1
303 -0.12
304 -0.15
305 -0.17
306 -0.19
307 -0.2
308 -0.23
309 -0.25
310 -0.27
311 -0.31
312 -0.31
313 -0.34
314 -0.36
315 -0.38
316 -0.39
317 -0.4
318 -0.41
319 -0.42
320 -0.42
321 -0.42
322 -0.42
323 -0.42
324 -0.42
325 -0.43
326 -0.44
327 -0.44
328 -0.44
329 -0.44
330 -0.44
331 -0.44
332 -0.44
333 -0.44
334 -0.44
335 -0.44
336 -0.44
337 -0.43
338 -0.43
339 -0.43
340 -0.43
341 -0.43
342 -0.43
343 -0.43
344 -0.42
345 -0.41
346 -0.41
347 -0.41
348 -0.41
349 -0.4
350 -0.37
351 -0.34
352 -0.33
353 -0.33
354 -0.33
355 -0.33
356 -0.33
357 -0.33
358 -0.33
359 -0.32
360 -0.32
361 -0.31
362 -0.3
363 -0.29
364 -0.29
365 -0.29
366 -0.28
367 -0.27
368 -0.25
369 -0.25
370 -0.24
371 -0.23
372 -0.22
373 -0.2
374 -0.19
375 -0.19
376 -0.19
377 -0.16
378 -0.15
379 -0.13
380 -0.13
381 -0.11
382 -0.11
383 -0.11
384 -0.1
385 -0.1
386 -0.1
387 -0.1
388 -0.09
389 -0.08
390 -0.08
391 -0.07
392 -0.06
393 -0.05
394 -0.05
395 -0.05
396 -0.05
397 -0.04
398 -0.04
399 -0.04
400 -0.04
401 -0.03
402 -0.02
403 -0.01
404 0.0
405 0.0
406 0.02
407 0.03
408 0.03
409 0.05
410 0.05
411 0.05
412 0.05
413 0.05
414 0.05
415 0.05
416 0.05
417 0.05
418 0.05
419 0.05
420 0.05
421 0.05
422 0.05
423 0.05
424 0.05
425 0.05
426 0.05
427 0.05
428 0.05
429 0.05
430 0.05
431 0.06
432 0.06
433 0.06
434 0.06
435 0.06
436 0.06
437 0.06
438 0.06
439 0.06
440 0.06
441 0.06
442 0.06
443 0.06
444 0.06
445 0.06
446 0.06
447 0.06
448 0.06
449 0.06
450 0.06
451 0.06
452 0.06
453 0.06
454 0.06
455 0.06
456 0.06
457 0.06
