0 0.0
1 0.0
2 0.0
3 0.0
4 0.0
5 0.0
6 0.0
7 0.0
8 0.0
9 0.0
10 0.0
11 0.0
12 0.0
13 0.0
14 0.0
15 0.0
16 0.0
17 0.0
18 -0.01
19 -0.01
20 -0.01
21 -0.01
22 -0.01
23 -0.02
24 -0.02
25 -0.04
26 -0.05
27 -0.06
28 -0.07
29 -0.08
30 -0.08
31 -0.08
32 -0.1
33 -0.1
34 -0.1
35 -0.1
36 -0.09
37 -0.09
38 -0.09
39 -0.08
40 -0.07
41 -0.07
42 -0.06
43 -0.05
44 -0.05
45 -0.04
46 -0.04
47 -0.04
48 -0.04
49 -0.03
50 -0.02
51 -0.01
52 -0.01
53 0.0
54 0.01
55 0.01
56 0.02
57 0.02
58 0.03
59 0.03
60 0.04
61 0.05
62 0.07
63 0.08
64 0.09
65 0.11
66 0.11
67 0.11
68 0.1
69 0.1
70 0.1
71 0.1
72 0.1
73 0.1
74 0.1
75 0.1
76 0.09
77 0.08
78 0.08
79 0.05
80 0.04
81 0.02
82 0.02
83 0.06
84 0.07
85 0.08
86 0.08
87 0.09
88 0.11
89 0.16
90 0.19
91 0.21
92 0.24
93 0.26
94 0.27
95 0.27
96 0.29
97 0.29
98 0.3
99 0.31
100 0.31
101 0.33
102 0.33
103 0.33
104 0.34
105 0.35
106 0.36
107 0.36
108 0.36
109 0.36
110 0.36
111 0.36
112 0.36
113 0.36
114 0.36
115 0.36
116 0.36
117 0.36
118 0.36
119 0.36
120 0.36
121 0.37
122 0.38
123 0.38
124 0.38
125 0.38
126 0.38
127 0.38
128 0.38
129 0.38
130 0.38
131 0.37
132 0.36
133 0.36
134 0.34
135 0.33
136 0.32
137 0.31
138 0.3
139 0.29
140 0.28
141 0.27
142 0.27
143 0.27
144 0.27
145 0.27
146 0.27
147 0.27
148 0.27
149 0.24
150 0.24
151 0.24
152 0.24
153 0.24
154 0.24
155 0.24
156 0.21
157 0.19
158 0.19
159 0.18
160 0.17
161 0.16
162 0.15
163 0.14
164 0.14
165 0.12
166 0.12
167 0.1
168 0.09
169 0.06
170 0.02
171 -0.03
172 -0.05
173 -0.07
174 -0.08
175 -0.08
176 -0.09
177 -0.11
178 -0.14
179 -0.2
180 -0.21
181 -0.21
182 -0.23
183 -0.23
184 -0.25
185 -0.25
186 -0.25
187 -0.25
188 -0.25
189 -0.25
190 -0.25
191 -0.25
192 -0.26
193 -0.26
194 -0.27
195 -0.28
196 -0.3
197 -0.3
198 -0.32
199 -0.33
200 -0.34
201 -0.35
202 -0.35
203 -0.36
204 -0.38
205 -0.4
206 -0.43
207 -0.43
208 -0.43
209 -0.43
210 -0.43
211 -0.43
212 -0.43
213 -0.43
214 -0.43
215 -0.43
216 -0.43
217 -0.43
218 -0.43
219 -0.43
220 -0.44
221 -0.44
222 -0.44
223 -0.43
224 -0.4
225 -0.39
226 -0.38
227 -0.26
228 -0.15
229 -0.06
230 0.02
231 0.05
232 0.05
233 0.05
234 0.05
235 0.05
236 0.06
237 0.07
238 0.08
239 0.09
240 0.1
241 0.1
242 0.17
243 0.21
244 0.26
245 0.31
246 0.34
247 0.35
248 0.37
249 0.39
250 0.41
251 0.42
252 0.43
253 0.46
254 0.48
255 0.48
256 0.5
257 0.5
258 0.5
259 0.5
260 0.5
261 0.5
262 0.5
263 0.5
264 0.5
265 0.5
266 0.5
267 0.5
268 0.5
269 0.5
270 0.5
271 0.5
272 0.5
273 0.49
274 0.46
275 0.41
276 0.38
277 0.34
278 0.31
279 0.31
280 0.33
281 0.36
282 0.37
283 0.37
284 0.37
285 0.37
286 0.36
287 0.31
288 0.28
289 0.27
290 0.27
291 0.26
292 0.27
293 0.28
294 0.28
295 0.27
296 0.27
297 0.26
298 0.24
299 0.23
300 0.22
301 0.2
302 0.19
303 0.17
304 0.16
305 0.16
306 0.15
307 0.15
308 0.14
309 0.14
310 0.15
311 0.15
312 0.15
313 0.15
314 0.15
315 0.15
316 0.15
317 0.15
318 0.15
319 0.15
